35 20 5 
-1.23042472229736
-0.882143424125997
0.49614158251102
0.395954002681565
-0.0219726055914521
-0.212608237575562
-0.503620349394168
-0.0231147962186096
0.379324069764805
0.754054146575194
0.412823152615135
0.0978245853387876
-0.273741257577638
-0.379911987932521
-0.498177199114298
0.586811069194124
0.115886660455885
0.146564331302812
0.0797752681896794
0.341964875132346
0.797403116523017
1.00078586411608
-0.522505584260932
-0.559234039733196
0.304147887225264
-0.148486749151785
0.211931029510373
0.246086058618068
-0.66555208477071
-0.767417357642102
0.317612562431518
-0.360552752774724
-0.248322334035185
-0.0793323089728375
0.859596429441752
-0.622710132616272
-0.0663850300967804
0.220656061732615
0.0411556703471973
-0.497188532349527
0.839256889180422
0.78419232635633
-0.47176651545998
-0.518115902270291
0.279655309461998
-0.225341039104802
0.335579241601984
-0.100631000721902
-0.727858465065482
-0.752169399573791
0.23763536220017
-0.352337445887567
0.0422993132179207
0.166324769862154
0.743911367962718
-0.781345804091025
0.109924971689091
0.142571409028482
0.0205113812209133
-0.735210617958386
0.746404509252787
0.696566071356623
-0.482600986666656
-0.548837395613339
0.238929858144784
-0.169490357968792
0.324325872361803
0.129314858016713
-0.559872711701564
-0.82640450729166
0.308395900916517
-0.36792986291933
-0.172763514253589
0.0250317538511622
0.683750632566409
-0.689555936617089
0.0914508985990806
0.249172606210716
0.247578526113045
-0.539357150975144
-1.07067851974641
-0.772966562742221
0.566178880611752
0.509321993863235
0.0994647328442577
-0.203364576452668
-0.310167203386136
0.179524821452167
0.645808764935902
0.834021851850963
0.534315104938143
0.0963384168093517
-0.374316434214952
-0.372603053982425
-0.653813262667406
0.702800057508861
0.185995479862559
-0.0201754905962444
0.25976167271113
0.573103020439411
0.286141503526206
-0.338329764889995
0.56023167620466
-0.156219305487378
-0.535962042473454
0.411010425830686
0.276935098481707
-0.267378299595642
0.135727657723132
-0.0964352371878668
0.206720158093325
0.165069218571922
0.0463975447140905
0.00573466727325237
0.497369221775118
-0.338075628443223
-0.465394683777017
0.527740489928699
0.0508168746392215
0.0821035230993028
0.124660936825521
-0.010253131119412
-0.0315084875937503
-0.0924884486794103
0.113680906254928
0.00564999843065997
0.175125122684685
0.0414421297019884
0.275856214200154
0.0451894822239371
0.0420715104956428
0.111000224313102
0.129504905679921
0.0766296438536209
0.010652438601318
0.123460188222229
0.042871486748906
0.117108226854521
0.233711045062709
-0.17683796613799
0.00952129023321751
0.333079372864663
-0.579423449058861
-0.00119331650938239
0.252448008136957
-0.363614491518008
-0.487013033115733
0.231156667938314
-0.0621950719655431
0.132954685852576
-0.248587007149676
-0.2101358516262
0.214662486191855
0.165232546273357
-0.354903253763019
0.273953345869032
0.432083695020798
-0.233530947098304
-0.19816840165567
0.169814367051141
0.165399566797696
-0.0402994748768691
-0.0464717966497559
0.0945103575386074
-0.17459072192842
0.165625358454307
0.0297370477482529
-0.0449245789373405
0.170975156302523
-0.0801028567778207
0.127011946068967
-0.198266250643341
0.0376386836796864
0.11045179080697
0.150515422990836
-0.230091454337114
0.105372842895396
0.0583701727330373
0.127830274908183
-0.144946333696221
0.312567455543189
-0.389609142658968
-0.310084389431479
-0.554332828978694
0.0571181719078068
-0.0840484198717216
0.195194905898499
-0.247558956981262
0.174379245689766
0.225205694336388
-0.329894170700926
0.383324204033893
0.316221848666341
0.278399711777673
-0.324907918571206
-0.18289316334884
-0.0181437553028752
-0.374863020633608
0.430326997581745
0.504810182506894
0.0252326549485499
-0.178814647536213
0.569078430192821
-0.0924432784399452
-0.440766730350444
0.342094161705412
0.346154702106286
-0.456825381977068
0.185327211533501
-0.0269592452865692
0.251245448492738
0.051889909650551
-0.159444108057224
0.0170010587352424
0.528768628502191
-0.416386948451536
-0.316437196992074
0.374887318950257
0.204635426199615
0.107232922672096
0.0982207575371465
-0.0816167893949374
0.221447477996639
0.0709124275767761
-0.286492483634751
0.254414327816996
0.0222636608364038
0.0684269607682177
0.253044283823949
0.00660005713055417
-0.21090158150806
-0.0314236515337726
0.0176405996453019
0.153080387329908
-0.147254772391918
0.0511277949020278
0.0502428068460583
0.044579647084964
-0.0164014728224365
-0.205736193733787
-0.0542592725700499
0.137080745920984
-0.43951237020648
0.0708534096635523
0.534292028549806
-0.440196060043126
-0.366252991538036
0.21150602844728
-0.205584681167079
0.144481176823199
-0.182655789919509
-0.116877069811034
0.0715511960846488
0.196908051561961
-0.461391679758443
-0.00194679870068831
0.417349836066245
-0.139897631982757
-0.136119071173301
-0.0230467839855893
0.235674321964286
0.0981579765409139
0.129568967522976
0.24405607945499
0.00950072534999674
0.0873411449101928
0.102514478553859
0.135301283508805
0.275157127173041
0.0496368924988034
-0.0794438354020993
0.000520974198265049
0.047635279848759
-0.129204659956067
-0.0248338817710205
-0.0555488209919714
-0.0666609340331693
0.15203669036934
0.109778446086854
0.0627634931230749
0.369355901755276
-0.236502267471899
-0.38811041982996
-0.739920361446933
0.0269597510390292
-0.339924705151755
0.0825842642347623
-0.372317381577563
0.128218573529734
0.158716414018342
-0.459553019250467
0.353415284646929
0.297041646358059
0.208255480818389
-0.0711818243333007
-0.223856748490337
0.0183443594662396
-0.458524297278849
0.512424107062319
0.451338761193259
0.185642444767816
-0.0995335143224469
0.530217538499042
-0.0549184381115645
-0.514698836759755
0.571356631321272
0.238997889441045
-0.147192830813372
0.152969000722082
-0.217255430564622
0.285015773293372
0.0474343199309371
-0.0617805347822809
0.0657985816590192
0.448000989271371
-0.323142201882382
-0.40241849825924
0.39027699459429
-0.0733312418769452
-0.19284864495514
-0.351521762785237
-0.321960316060719
0.825363355391918
-0.219093005359071
-0.249728376352718
-0.0946841400785219
0.230136808274901
0.193770618963434
-0.217261111260216
-0.0316862079252622
0.939273601789037
-0.0947287859729498
-0.700196761051256
-0.525134421301854
0.761691392792884
-0.288352415884447
-0.26805090020127
0.839022898587944
0.48365964934886
-0.155541342102463
-0.324190671799983
-0.190497489799789
0.285471321796827
0.0125114522248138
0.0267150931613975
-0.310887175275194
0.0141313968890778
0.0968573250039099
-0.275086427203092
-0.00468525229023504
0.603870223057769
-0.144535903360876
-0.49373373399201
-0.197846972335323
0.491603485936092
-0.043195769106931
0.270463135122227
0.237949412641977
0.175804630963781
0.0407038664793619
0.0538940343477491
-0.453163743465715
-0.049878270702357
-0.494896617541178
0.358453609528672
-0.710086316612705
0.182533675341112
-0.118763485660855
-0.357092449339496
0.294449587220535
0.348857240791022
0.563182430279941
-0.394963432107956
-0.192687899897947
0.47040759757306
-0.0545356047452254
0.174891037661553
-0.225266465171326
0.67345120522986
0.453433423723228
0.290968203642269
-0.326961843450655
-0.294293270285684
-0.350361384709093
0.0372023032412949
-0.230584639263733
0.154091960936152
-0.372481047791123
-0.0709458360341047
0.200237926743421
-0.34107624467895
0.37476844700751
0.272784894236819
0.0481882184817912
-0.109351612842175
-0.046602843249717
-0.219470364723334
-0.223896651533968
0.513689009888474
0.547239738030538
0.0643959207818405
-0.318924145537068
0.584469280388966
-0.0234944377293784
-0.661030839237583
0.429529517782157
0.275681019342168
-0.157195501097292
0.234916758287468
-0.11989439145127
0.231068977989014
0.229627978060745
0.0123054986840393
-0.107154026672532
0.358720845808069
-0.198690268721115
-0.332514482454075
0.180920742879673
0.0293417321423012
0.0583161842138918
0.340275409027204
-0.0497768541735986
0.0502345321505637
0.149317087939798
0.0389865439707475
0.125833995114623
-0.140839156922472
-0.00501275355741855
0.162405318371253
-0.0948992864092141
-0.071920641212046
0.000687527863864194
-0.197044080007448
0.0898163369928659
-0.164512455734848
0.206729184947729
-0.0801316844566013
0.131213750469657
0.00336159545066191
0.0118015528687978
-0.108137316296469
0.266062953166071
-0.234629815617815
0.217222841068612
0.600799877404265
-0.325588669732419
-0.261070055665155
0.530049458586929
-0.112836552821582
0.0788536623314119
-0.211044814236887
-0.134066553545797
0.350760793556776
0.175003692372707
-0.350227326374855
0.232092584984863
0.458965707482336
-0.0749545788248602
-0.148884506829513
-0.0111202996589086
0.0681733679447062
-0.00349226623037056
0.0780558499045168
0.0616101110940164
-0.0162988196985894
0.146950646241072
0.0665547615648989
0.0805659268920515
0.134588929678638
-0.13131206248414
-0.0107476003355563
0.0893657326050287
0.00224669379021505
-0.0198967670139095
-0.18417876820086
-0.0198416125784266
-0.174800258428059
0.0664001490695314
-0.0709570264467171
0.11397161510641
0.345514633689907
-0.307739701984003
-0.305196666722654
-0.587905759914363
0.122570514853744
-0.162213604850287
-0.0380190045773556
-0.301910602998206
-0.0129206825328776
0.213059633612801
-0.355300989898808
0.594097634185211
0.435049317522686
0.170941082104295
-0.0454286413192581
-0.252415697379736
0.00925691354299567
-0.32044643444724
0.543691187529034
0.498226851435076
0.0549819703736448
-0.105248851584196
0.521333675667651
-0.0831381560253821
-0.342189138923165
0.584714888495977
0.341988085052021
-0.277982731541836
0.271936390876398
-0.0833541007416663
0.245156308025604
0.0410768222545281
-0.1906365739026
-0.035124348170598
0.51233256066721
-0.498498993858338
-0.496182378636433
0.460013176693671
0.119886947005075
-0.0233888470663817
0.165484118352814
0.135006861737475
0.0507932102696629
-0.0718086624044516
-0.0767981367229465
0.0875528759480042
0.105990678312275
-0.123735428535751
-0.00150300195410927
-0.0646656109132034
0.034021055847731
-0.214374682915606
0.0540891442866496
0.119037442120047
-0.0260014027207101
0.0827988861824291
0.0180099993994803
0.22282869040685
-0.0546610835109164
-0.00494449406356185
0.16453500115055
0.213353704420883
-0.314943599665449
0.205079841174372
0.477809938759652
-0.409856528869179
-0.235897978944379
0.229493665626084
-0.00571910004338242
0.134952946253918
-0.286999630220754
-0.187810318962972
0.14612592534488
-0.0921230651962696
-0.623557111270051
0.16330134256308
0.322552752527954
-0.264487420181865
-0.0943092710788245
0.0121728125167739
0.0425027031368664
-0.0237098988840944
0.0357465557904276
0.0256243923104751
-0.0306143550886687
0.285667614372326
-0.135446803443466
0.0395188796852934
0.0245733664096005
-0.149223917966395
-0.0595284436116749
0.131379395942509
0.0516639382849004
0.0637435967867513
-0.130424489409829
0.101879765785183
0.174541745855464
0.0685588336221105
0.0977999316833616
-0.0487267758543238
0.516989087059095
-0.315095266780026
-0.160942023844197
-0.509107508783831
0.0721467174489681
-0.0590302801854627
0.318291621720429
-0.349132881123332
0.0326092172319818
0.191504054142559
-0.338390310533223
0.617617403417533
0.181559321540686
0.273290100920918
-0.114753289824263
0.000920206731151144
0.0847917601571775
-0.549162601588439
0.362261405870603
0.642490730259538
-0.640897056800009
-0.288155740704656
0.288715497434302
-0.0996226507270542
0.0863180993388888
-0.425132546203418
-0.0106061205492504
0.330025893683487
-0.178677772717254
-0.0147298672686879
0.696404464557338
-0.0862523550126432
-0.482409217328308
-0.267925363244543
0.14107596603544
0.118431753674543
0.261816271416839
0.221812184825247
0.378260147086479
0.0135735318650824
0.037250218448379
0.404913326011974
0.306206973960527
0.549122028081065
-0.375302323849863
0.674500444506842
-0.264311168234054
0.0878853862353835
0.489972739180565
-0.22245258809792
-0.352426520714227
-0.392082729113004
0.331856089108535
0.0230360017942277
-0.177392034255789
0.103630644986417
-0.191875076666336
0.359692206084438
-0.856270062000771
-0.576409098668664
0.223249464944899
0.34246270349965
0.381982811634755
0.496290744543083
-0.27215147892736
0.734865323270184
-0.168342981567325
0.102693045079377
0.4670627424484
-0.233802991396178
-0.455156508663861
-0.23972287945945
0.145092290748659
0.204713784064428
-0.167161536708471
0.208902085389232
0.0600939360712022
0.068380213258513
-0.762711262007587
-0.690472412520808
0.196121544861715
0.453604475317102
0.398250373783262
0.598862265362257
-0.362594083825548
0.730099109053318
-0.089211810242482
-0.107348164469476
0.560243144190119
-0.327164793141036
-0.29270308089427
-0.306557648251455
0.151841644804958
0.159575268906248
-0.162514521498291
0.0725038112278174
-0.115290705301629
0.283635385880707
-0.661050704657376
-0.664902929475596
-0.290422434674392
0.0295798282794949
0.163313489631421
-0.0944456077749773
0.121620577716026
-0.19458074444898
-0.04936874954383
0.264013764171623
-0.410512559366429
0.0721278643786886
0.725783101713165
-0.0404233133436719
-0.386871496310735
-0.433968599330151
0.390248572519627
-0.0485649220220509
0.361018729449802
0.233501154167856
0.290596119268685
0.0391427953410634
0.108469272259025
0.01018061050978
0.11772845184817
-0.00502247093285707
-0.0418567762449496
0.151547471978057
-0.0239225603941993
0.0182849296835341
0.154036508818831
-0.0556899218866977
-0.0379391373112826
-0.0281543084940053
0.0411728963541671
0.0407934354662584
-0.0229316527333206
0.0215081321897074
0.0498132826830137
0.180912074219543
-0.019611942721041
-0.0328905513414417
0.0895160826460548
0.637121507347181
0.199507266413502
-3.18855132170039
0.603506985364816
1.08669607850925
-0.762678791297076
-1.3553338772439
-1.64938423311515
1.43818256541556
-0.233486443907702
-2.22480160291327
1.44444307485497
0.759562671192263
-0.944845151406979
1.59877137894429
-1.23128884993749
-0.876283997844543
0.641533142984966
-1.11312777609052
-0.522832896951169
0.817859109049003
-2.05557340687189
-0.0635394105258002
0.505428843653192
1.25520101490521
-1.3797776771536
1.03087549351986
-0.978495967597165
-1.04266314833062
-0.760237499759981
-0.334457445523184
1.03202907028158
-1.08155509284852
0.0532742153828272
0.244371285589366
-0.473469236260837
-1.31423118710614
0.469331208515142
0.476901487724662
0.949902900126893
-0.222696299826057
0.354151948242015
-0.0310243675111985
-2.14727420738286
-0.758075433724745
0.501523630973364
-0.38225885476102
1.17083911009318
-1.66295863977999
-1.41561825778361
-2.02225247562081
-0.297483013395838
1.37408831091008
1.08379885644808
-1.07315279433636
0.857114126072641
0.402908043483373
-0.22082992497913
-0.957458615096828
0.595841457175911
0.871820336704028
-0.175767479175207
-1.19588450707963
-0.844222811699549
0.229812959689562
0.364060620465635
-0.274891034544485
-1.12120801931048
-0.462676025671603
-1.25433182658063
-1.76802680170496
0.886533239394084
-0.955673589397971
1.60033529189838
0.346256923931666
0.00230257858434366
-1.27007842001607
1.23520329630533
-1.123531618421
-0.24392047142722
0.35028304859366
-1.68324251219805
0.28070858461491
0.22095580686608
0.0860213898461413
-1.90528612704991
0.423150550617558
0.132006630008555
0.392681823487547
-2.40235975225845
0.784048612097264
0.285327716144172
0.0536504573653766
0.14349015022162
-1.51707107942434
1.471100549245
0.203897106246193
0.490510706942322
-1.28680974955038
-0.174309724533689
-0.572870263455587
-0.575773049218613
-0.521888882586439
-0.337308059554538
